100 0 75 
100 0 76 
100 90 78 
100 90 78 
100 90 78 
100 90 78 
100 90 78 
100 90 78 
100 90 78 
100 90 78 
100 90 78 
100 90 77 
100 90 77 
100 90 77 
100 90 77 
100 90 76 
100 90 76 
100 90 75 
100 90 75 
100 90 75 
100 90 75 
0 90 75 
0 90 75 
0 90 74 
0 90 74 
0 90 74 
0 90 74 
0 90 74 
0 90 74 
0 90 74 
0 90 73 
0 90 73 
0 90 73 
0 90 73 
0 90 73 
0 90 72 
0 90 72 
0 90 72 
0 90 72 
0 90 71 
0 90 71 
0 90 72 
0 90 72 
0 90 72 
0 90 71 
0 90 71 
0 90 71 
0 90 72 
0 90 72 
0 90 72 
0 90 74 
0 90 77 
0 90 80 
0 0 81 
0 0 83 
0 0 85 
0 0 81 
0 0 77 
0 0 74 
0 0 72 
0 0 72 
0 0 71 
0 0 70 
0 0 68 
0 0 67 
0 0 67 
0 0 69 
0 0 69 
0 0 69 
0 0 67 
0 0 67 
0 0 68 
0 0 70 
0 0 68 
0 0 91 
0 0 91 
0 0 91 
0 0 92 
0 0 92 
0 0 93 
0 0 92 
0 0 92 
0 0 92 
0 0 92 
0 0 92 
0 0 92 
0 0 92 
0 0 92 
0 0 92 
0 0 91 
0 0 91 
0 0 92 
100 0 92 
100 0 91 
100 0 92 
100 0 96 
100 0 98 
100 0 98 
100 0 98 
100 0 98 
100 0 99 
100 0 99 
100 0 99 
100 0 100 
100 0 100 
100 0 101 
100 0 101 
100 0 101 
100 0 102 
100 0 102 
100 0 103 
100 0 72 
100 0 73 
100 0 73 
100 0 74 
100 0 75 
100 90 76 
100 90 76 
100 90 76 
100 90 76 
100 90 76 
100 90 76 
100 90 76 
100 90 76 
100 90 76 
100 90 76 
100 90 75 
100 90 75 
100 90 75 
100 90 75 
100 90 75 
100 90 74 
100 90 74 
100 90 74 
100 90 74 
100 90 74 
100 90 73 
100 90 73 
100 90 73 
100 90 73 
0 90 73 
0 90 72 
0 90 72 
0 90 72 
0 90 72 
0 90 72 
0 90 71 
0 90 71 
0 90 71 
0 90 71 
0 90 71 
0 90 71 
0 90 72 
0 90 72 
0 90 72 
0 90 72 
0 90 72 
0 90 72 
0 90 72 
0 90 72 
0 90 72 
0 90 72 
0 90 72 
0 90 72 
0 90 72 
0 90 72 
0 90 71 
0 90 71 
0 90 72 
0 90 74 
0 90 76 
0 0 79 
0 0 81 
0 0 81 
0 0 79 
0 0 78 
0 0 75 
0 0 73 
0 0 73 
0 0 71 
0 0 70 
0 0 68 
0 0 69 
0 0 68 
0 0 68 
0 0 67 
0 0 67 
0 0 67 
0 0 67 
0 0 68 
0 0 68 
0 0 69 
0 0 69 
0 0 92 
0 0 92 
0 0 92 
0 0 92 
0 0 93 
0 0 93 
0 0 94 
0 0 94 
0 0 94 
0 0 93 
0 0 94 
0 0 94 
0 0 93 
0 0 93 
0 0 93 
0 0 93 
0 0 93 
0 0 94 
0 0 94 
0 0 93 
100 0 93 
100 0 93 
100 0 94 
100 0 97 
100 0 98 
100 0 99 
100 0 99 
100 0 99 
100 0 99 
100 0 99 
100 0 100 
100 0 101 
100 0 101 
100 0 102 
100 0 103 
100 0 104 
100 0 105 
100 0 106 
100 0 106 
100 0 74 
100 90 75 
100 90 76 
100 90 76 
100 90 77 
100 90 77 
100 90 78 
100 90 78 
100 90 78 
100 90 78 
100 90 78 
100 90 78 
100 90 78 
100 90 78 
100 90 77 
100 90 77 
100 90 77 
100 90 77 
100 90 77 
100 90 76 
100 90 76 
100 90 76 
100 90 75 
100 90 75 
100 90 75 
100 90 74 
100 90 74 
100 90 73 
100 90 73 
100 90 72 
100 90 72 
100 90 72 
100 90 71 
100 90 71 
0 90 71 
0 90 71 
0 90 70 
0 90 70 
0 90 70 
0 90 70 
0 90 70 
0 90 70 
0 90 71 
0 90 71 
0 90 72 
0 90 71 
0 90 71 
0 90 72 
0 90 72 
0 90 71 
0 90 72 
0 90 71 
0 90 71 
0 90 70 
0 90 71 
0 90 72 
0 90 76 
0 90 79 
0 0 81 
0 0 81 
0 0 81 
0 0 79 
0 0 77 
0 0 76 
0 0 74 
0 0 72 
0 0 70 
0 0 68 
0 0 68 
0 0 69 
0 0 69 
0 0 69 
0 0 67 
0 0 68 
0 0 69 
0 0 69 
0 0 68 
0 0 69 
0 0 71 
0 0 71 
0 0 92 
0 0 91 
0 0 91 
0 0 91 
0 0 92 
0 0 93 
0 0 92 
0 0 92 
0 0 93 
0 0 93 
0 0 93 
0 0 94 
0 0 95 
0 0 95 
0 0 95 
0 0 95 
0 0 95 
100 0 95 
100 0 95 
100 0 97 
100 0 99 
100 0 101 
100 0 101 
100 0 101 
100 0 101 
100 0 101 
100 0 102 
100 0 103 
100 0 104 
100 0 104 
100 0 104 
100 0 104 
100 0 104 
100 0 104 
100 0 104 
100 0 105 
100 0 105 
100 0 106 
100 0 106 
100 0 107 
100 0 107 
100 0 109 
100 90 77 
100 90 77 
100 90 78 
100 90 78 
100 90 78 
100 90 78 
100 90 78 
100 90 78 
100 90 78 
100 90 78 
100 90 78 
100 90 78 
100 90 77 
100 90 77 
100 90 77 
100 90 77 
100 90 77 
100 90 77 
100 90 76 
100 90 76 
100 90 76 
100 90 76 
100 90 75 
100 90 75 
100 90 75 
100 90 74 
100 90 74 
100 90 74 
0 90 73 
0 90 73 
0 90 73 
0 90 73 
0 90 72 
0 90 72 
0 90 72 
0 90 72 
0 90 72 
0 90 72 
0 90 72 
0 90 72 
0 90 71 
0 90 72 
0 90 72 
0 90 72 
0 90 71 
0 90 71 
0 90 71 
0 90 71 
0 90 70 
0 90 70 
0 90 70 
0 90 70 
0 90 71 
0 90 74 
0 90 75 
0 0 77 
0 0 78 
0 0 77 
0 0 76 
0 0 74 
0 0 72 
0 0 70 
0 0 69 
0 0 69 
0 0 68 
0 0 68 
0 0 67 
0 0 67 
0 0 67 
0 0 67 
0 0 68 
0 0 68 
0 0 68 
0 0 69 
0 0 69 
0 0 70 
0 0 70 
0 0 69 
0 0 93 
0 0 94 
0 0 95 
0 0 95 
0 0 96 
0 0 96 
0 0 96 
0 0 96 
0 0 96 
0 0 97 
0 0 97 
0 0 97 
0 0 97 
0 0 97 
0 0 96 
0 0 96 
0 0 96 
0 0 96 
0 0 96 
0 0 96 
0 0 97 
100 0 96 
100 0 96 
100 0 98 
100 0 101 
100 0 102 
100 0 102 
100 0 102 
100 0 103 
100 0 103 
100 0 104 
100 0 104 
100 0 105 
100 0 105 
100 0 105 
100 0 105 
100 0 106 
100 0 106 
100 0 107 
100 0 107 
100 0 108 
100 90 109 
100 90 109 
100 90 111 
100 90 77 
100 90 77 
100 90 77 
100 90 77 
100 90 77 
100 90 77 
100 90 77 
100 90 77 
100 90 77 
100 90 77 
100 90 77 
100 90 77 
100 90 77 
100 90 77 
100 90 77 
100 90 76 
100 90 76 
100 90 76 
100 90 76 
100 90 75 
100 90 75 
100 90 75 
100 90 75 
100 90 74 
100 90 74 
100 90 74 
0 90 74 
0 90 73 
0 90 73 
0 90 73 
0 90 73 
0 90 73 
0 90 73 
0 90 72 
0 90 72 
0 90 72 
0 90 72 
0 90 72 
0 90 71 
0 90 71 
0 90 71 
0 90 71 
0 90 71 
0 90 71 
0 90 71 
0 90 71 
0 90 72 
0 90 72 
0 90 71 
0 90 71 
0 90 72 
0 90 72 
0 90 72 
0 90 73 
0 90 74 
0 90 78 
0 0 80 
0 0 80 
0 0 81 
0 0 79 
0 0 78 
0 0 76 
0 0 74 
0 0 73 
0 0 71 
0 0 70 
0 0 69 
0 0 70 
0 0 70 
0 0 69 
0 0 67 
0 0 69 
0 0 69 
0 0 69 
0 0 69 
0 0 68 
0 0 68 
0 0 67 
0 0 92 
0 0 92 
0 0 91 
0 0 92 
0 0 92 
0 0 93 
0 0 93 
0 0 93 
0 0 93 
0 0 93 
0 0 93 
0 0 94 
0 0 94 
0 0 94 
0 0 94 
0 0 95 
0 0 95 
0 0 95 
0 0 95 
0 0 95 
0 0 94 
0 0 94 
0 0 95 
0 0 95 
0 0 95 
100 0 94 
100 0 95 
100 0 98 
100 0 99 
100 0 100 
100 0 100 
100 0 100 
100 0 100 
100 0 101 
100 0 102 
100 0 102 
100 0 102 
100 0 102 
100 0 103 
100 0 103 
100 0 103 
100 0 104 
100 0 104 
100 0 104 
100 0 104 
100 0 104 
100 0 104 
100 0 104 
100 0 105 
100 0 73 
100 0 74 
100 0 75 
100 0 76 
100 90 77 
100 90 77 
100 90 78 
100 90 78 
100 90 79 
100 90 79 
100 90 79 
100 90 79 
100 90 79 
100 90 78 
100 90 78 
100 90 78 
100 90 77 
100 90 77 
100 90 77 
100 90 77 
100 90 76 
100 90 76 
100 90 76 
100 90 76 
100 90 76 
100 90 75 
100 90 75 
100 90 75 
100 90 75 
0 90 74 
0 90 74 
0 90 74 
0 90 73 
0 90 73 
0 90 73 
0 90 73 
0 90 73 
0 90 72 
0 90 72 
0 90 72 
0 90 72 
0 90 72 
0 90 73 
0 90 73 
0 90 73 
0 90 73 
0 90 73 
0 90 73 
0 90 73 
0 90 73 
0 90 72 
0 90 72 
0 90 72 
0 90 73 
0 90 75 
0 90 77 
0 90 79 
0 0 80 
0 0 81 
0 0 79 
0 0 77 
0 0 75 
0 0 73 
0 0 71 
0 0 71 
0 0 69 
0 0 68 
0 0 68 
0 0 65 
0 0 66 
0 0 66 
0 0 65 
0 0 65 
0 0 64 
0 0 66 
0 0 66 
0 0 66 
0 0 67 
0 0 67 
0 0 89 
0 0 89 
0 0 90 
0 0 90 
0 0 90 
0 0 90 
0 0 90 
0 0 90 
0 0 90 
0 0 91 
0 0 91 
0 0 91 
0 0 91 
0 0 90 
0 0 90 
0 0 90 
0 0 91 
0 0 90 
0 0 90 
0 0 90 
100 0 89 
100 0 90 
100 0 94 
100 0 96 
100 0 96 
100 0 96 
100 0 97 
100 0 97 
100 0 98 
100 0 98 
100 0 99 
100 0 100 
100 0 100 
100 0 101 
100 0 101 
100 0 102 
100 0 103 
100 0 74 
100 0 76 
100 90 77 
100 90 78 
100 90 78 
100 90 79 
100 90 80 
100 90 80 
100 90 80 
100 90 80 
100 90 80 
100 90 79 
100 90 79 
100 90 79 
100 90 79 
100 90 78 
100 90 78 
100 90 77 
100 90 77 
100 90 76 
100 90 76 
100 90 75 
100 90 75 
100 90 75 
100 90 74 
100 90 74 
100 90 73 
100 90 73 
100 90 73 
100 90 73 
100 90 72 
100 90 72 
100 90 71 
100 90 71 
100 90 70 
0 90 70 
0 90 69 
0 90 69 
0 90 69 
0 90 68 
0 90 68 
0 90 69 
0 90 69 
0 90 69 
0 90 69 
0 90 69 
0 90 69 
0 90 69 
0 90 69 
0 90 68 
0 90 68 
0 90 69 
0 90 70 
0 90 70 
0 90 72 
0 90 75 
0 0 75 
0 0 73 
0 0 72 
0 0 70 
0 0 69 
0 0 68 
0 0 67 
0 0 66 
0 0 65 
0 0 65 
0 0 66 
0 0 66 
0 0 64 
0 0 64 
0 0 64 
0 0 66 
0 0 66 
0 0 64 
0 0 65 
0 0 65 
0 0 66 
0 0 68 
0 0 69 
0 0 68 
0 0 90 
0 0 90 
0 0 92 
0 0 91 
0 0 91 
0 0 92 
0 0 93 
0 0 92 
0 0 92 
0 0 93 
0 0 93 
0 0 93 
0 0 93 
0 0 93 
0 0 93 
0 0 93 
0 0 93 
0 0 93 
0 0 94 
0 0 94 
100 0 93 
100 0 94 
100 0 97 
100 0 99 
100 0 100 
100 0 100 
100 0 100 
100 0 102 
100 0 103 
100 0 105 
100 0 106 
100 0 108 
100 90 109 
100 90 109 
100 90 109 
100 90 109 
100 90 110 
100 90 78 
100 90 79 
100 90 79 
100 90 79 
100 90 80 
100 90 80 
100 90 79 
100 90 79 
100 90 79 
100 90 79 
100 90 79 
100 90 79 
100 90 78 
100 90 78 
100 90 78 
100 90 78 
100 90 78 
100 90 77 
100 90 77 
100 90 77 
100 90 76 
100 90 76 
100 90 76 
100 90 75 
100 90 75 
100 90 75 
100 90 75 
100 90 75 
0 90 75 
0 90 74 
0 90 74 
0 90 74 
0 90 74 
0 90 74 
0 90 73 
0 90 73 
0 90 73 
0 90 73 
0 90 72 
0 90 72 
0 90 72 
0 90 72 
0 90 72 
0 90 72 
0 90 71 
0 90 72 
0 90 72 
0 90 72 
0 90 72 
0 90 71 
0 90 71 
0 90 71 
0 90 71 
0 90 71 
0 90 71 
0 90 72 
0 90 74 
0 90 76 
0 0 79 
0 0 77 
0 0 76 
0 0 74 
0 0 73 
0 0 72 
0 0 70 
0 0 69 
0 0 68 
0 0 68 
0 0 68 
0 0 67 
0 0 67 
0 0 67 
0 0 67 
0 0 66 
0 0 65 
0 0 67 
0 0 67 
0 0 68 
0 0 69 
0 0 68 
0 0 90 
0 0 91 
0 0 91 
0 0 92 
0 0 92 
0 0 93 
0 0 93 
0 0 93 
0 0 93 
0 0 93 
0 0 94 
0 0 94 
0 0 94 
0 0 94 
0 0 94 
0 0 94 
0 0 93 
0 0 93 
0 0 93 
0 0 93 
100 0 93 
100 0 94 
100 0 96 
100 0 97 
100 0 97 
100 0 97 
100 0 97 
100 0 96 
100 0 96 
100 0 96 
100 0 96 
100 0 97 
100 0 97 
100 0 97 
100 0 97 
100 0 97 
100 0 98 
100 0 97 
100 0 98 
100 0 98 
100 0 68 
100 0 69 
100 0 69 
100 0 70 
100 0 71 
100 0 71 
100 0 72 
100 0 73 
100 0 73 
100 0 74 
100 0 74 
100 0 75 
100 0 75 
100 0 76 
0 0 76 
0 0 76 
0 0 76 
0 90 76 
0 90 76 
0 90 76 
0 90 76 
0 90 76 
0 90 75 
0 90 75 
0 90 75 
0 90 75 
0 90 74 
0 90 74 
0 90 73 
0 90 73 
0 90 73 
0 90 72 
0 90 72 
0 90 72 
0 90 71 
0 90 70 
0 90 70 
0 90 70 
0 90 70 
0 90 69 
0 90 69 
0 90 69 
0 90 69 
0 90 69 
